1.000000000000000000e+00 1.000000000000000000e+00 1.000000000000000000e+00 1.000000000000000000e+00 1.000000000000000000e+00 1.000000000000000000e+00 1.000000000000000000e+00 1.000000000000000000e+00 1.000000000000000000e+00 1.000000000000000000e+00 1.000000000000000000e+00 1.000000000000000000e+00 9.999998807907104492e-01 9.999998807907104492e-01 9.999998807907104492e-01 9.999998807907104492e-01 9.999998807907104492e-01 9.999997615814208984e-01 9.999997615814208984e-01 9.999997615814208984e-01
1.000000000000000000e+00 1.000000000000000000e+00 1.000000000000000000e+00 1.000000000000000000e+00 1.000000000000000000e+00 1.000000000000000000e+00 1.000000000000000000e+00 1.000000000000000000e+00 1.000000000000000000e+00 1.000000000000000000e+00 1.000000000000000000e+00 1.000000000000000000e+00 9.999998807907104492e-01 9.999998807907104492e-01 9.999998807907104492e-01 9.999997615814208984e-01 9.999997615814208984e-01 9.999997615814208984e-01 9.999997615814208984e-01 9.999996423721313477e-01
1.000000000000000000e+00 1.000000000000000000e+00 1.000000000000000000e+00 1.000000000000000000e+00 1.000000000000000000e+00 1.000000000000000000e+00 1.000000000000000000e+00 1.000000000000000000e+00 1.000000000000000000e+00 1.000000000000000000e+00 1.000000000000000000e+00 9.999998807907104492e-01 9.999998807907104492e-01 9.999998807907104492e-01 9.999997615814208984e-01 9.999997615814208984e-01 9.999997615814208984e-01 9.999996423721313477e-01 9.999996423721313477e-01 9.999996423721313477e-01
1.000000000000000000e+00 1.000000000000000000e+00 1.000000000000000000e+00 1.000000000000000000e+00 1.000000000000000000e+00 1.000000000000000000e+00 1.000000000000000000e+00 1.000000000000000000e+00 1.000000000000000000e+00 1.000000000000000000e+00 9.999996423721313477e-01 9.999998807907104492e-01 9.999998807907104492e-01 9.999997615814208984e-01 9.999997615814208984e-01 9.999996423721313477e-01 9.999996423721313477e-01 9.999995231628417969e-01 9.999995231628417969e-01 9.999995231628417969e-01
1.000000000000000000e+00 1.000000000000000000e+00 1.000000000000000000e+00 1.000000000000000000e+00 1.000000000000000000e+00 1.000000000000000000e+00 1.000000000000000000e+00 1.000000000000000000e+00 1.000000000000000000e+00 1.000000000000000000e+00 9.999998807907104492e-01 9.999998807907104492e-01 9.999997615814208984e-01 9.999997615814208984e-01 9.999996423721313477e-01 9.999995231628417969e-01 9.999995231628417969e-01 9.999994039535522461e-01 9.999994039535522461e-01 9.999994039535522461e-01
1.000000000000000000e+00 1.000000000000000000e+00 1.000000000000000000e+00 1.000000000000000000e+00 1.000000000000000000e+00 1.000000000000000000e+00 1.000000000000000000e+00 1.000000000000000000e+00 1.000000000000000000e+00 9.999998807907104492e-01 9.999998807907104492e-01 9.999997615814208984e-01 9.999996423721313477e-01 9.999996423721313477e-01 9.999995231628417969e-01 9.999994039535522461e-01 9.999992847442626953e-01 9.999992847442626953e-01 9.999991655349731445e-01 9.999991655349731445e-01
1.000000000000000000e+00 1.000000000000000000e+00 1.000000000000000000e+00 1.000000000000000000e+00 1.000000000000000000e+00 1.000000000000000000e+00 1.000000000000000000e+00 9.999998807907104492e-01 9.999998807907104492e-01 9.999998807907104492e-01 9.999997615814208984e-01 9.999996423721313477e-01 9.999995231628417969e-01 9.999994039535522461e-01 9.999992847442626953e-01 9.999991655349731445e-01 9.999990463256835938e-01 9.999990463256835938e-01 9.999990463256835938e-01 9.999989271163940430e-01
1.000000000000000000e+00 1.000000000000000000e+00 1.000000000000000000e+00 1.000000000000000000e+00 9.999998807907104492e-01 9.999998807907104492e-01 9.999998807907104492e-01 9.999998807907104492e-01 9.999998807907104492e-01 9.999997615814208984e-01 9.999996423721313477e-01 9.999995231628417969e-01 9.999992847442626953e-01 9.999990463256835938e-01 9.999989271163940430e-01 9.999988079071044922e-01 9.999988079071044922e-01 9.999988079071044922e-01 9.999986886978149414e-01 9.999986886978149414e-01
9.999998807907104492e-01 9.999998807907104492e-01 9.999998807907104492e-01 9.999998807907104492e-01 9.999998807907104492e-01 9.999992847442626953e-01 9.999998807907104492e-01 9.999997615814208984e-01 9.999997615814208984e-01 9.999996423721313477e-01 9.999995231628417969e-01 9.999992847442626953e-01 9.999989271163940430e-01 9.992831349372863770e-01 9.999984502792358398e-01 9.999984502792358398e-01 9.999984502792358398e-01 9.999984502792358398e-01 9.999984502792358398e-01 9.999984502792358398e-01
9.999998807907104492e-01 9.999998807907104492e-01 9.999998807907104492e-01 9.999998807907104492e-01 9.999998807907104492e-01 9.999997615814208984e-01 9.999997615814208984e-01 9.999997615814208984e-01 9.999996423721313477e-01 9.999995231628417969e-01 9.999992847442626953e-01 9.999990463256835938e-01 9.999986886978149414e-01 9.999982118606567383e-01 9.999980926513671875e-01 9.999980926513671875e-01 9.999980926513671875e-01 9.999980926513671875e-01 9.999980926513671875e-01 9.999980926513671875e-01
9.999998807907104492e-01 9.999998807907104492e-01 9.999998807907104492e-01 9.999997615814208984e-01 9.999997615814208984e-01 9.999997615814208984e-01 9.999996423721313477e-01 9.999996423721313477e-01 9.999995231628417969e-01 9.999992847442626953e-01 9.999990463256835938e-01 9.999988079071044922e-01 9.999984502792358398e-01 9.999980926513671875e-01 9.999978542327880859e-01 9.999977350234985352e-01 9.999977350234985352e-01 9.999977350234985352e-01 9.999977350234985352e-01 9.999978542327880859e-01
9.999998807907104492e-01 9.999997615814208984e-01 9.999997615814208984e-01 9.999997615814208984e-01 9.999996423721313477e-01 9.999996423721313477e-01 9.999995231628417969e-01 9.999994039535522461e-01 9.999992847442626953e-01 9.999990463256835938e-01 9.999988079071044922e-01 9.999984502792358398e-01 9.999980926513671875e-01 9.999977350234985352e-01 9.999974966049194336e-01 9.999973773956298828e-01 9.999973773956298828e-01 9.999973773956298828e-01 9.999974966049194336e-01 9.999974966049194336e-01
9.999997615814208984e-01 9.999997615814208984e-01 9.999997615814208984e-01 9.999996423721313477e-01 9.999995231628417969e-01 9.999995231628417969e-01 9.999994039535522461e-01 9.999991655349731445e-01 9.999990463256835938e-01 9.999988079071044922e-01 9.999985694885253906e-01 9.999982118606567383e-01 9.999978542327880859e-01 9.999974966049194336e-01 9.999972581863403320e-01 9.999971389770507812e-01 9.999971389770507812e-01 9.999971389770507812e-01 9.999971389770507812e-01 9.999971389770507812e-01
9.999997615814208984e-01 9.999996423721313477e-01 9.999996423721313477e-01 9.999995231628417969e-01 9.999994039535522461e-01 9.999992847442626953e-01 9.999991655349731445e-01 9.999989271163940430e-01 9.999988079071044922e-01 9.999984502792358398e-01 9.999982118606567383e-01 9.999978542327880859e-01 9.999974966049194336e-01 9.999934434890747070e-01 9.999969005584716797e-01 9.999969005584716797e-01 9.999967813491821289e-01 9.999967813491821289e-01 9.999969005584716797e-01 9.999969005584716797e-01
9.999996423721313477e-01 9.999995231628417969e-01 9.999995231628417969e-01 9.999994039535522461e-01 9.999992847442626953e-01 9.999990463256835938e-01 9.999989271163940430e-01 9.999986886978149414e-01 9.999984502792358398e-01 9.999982118606567383e-01 9.999978542327880859e-01 9.999976158142089844e-01 9.999972581863403320e-01 9.999969005584716797e-01 9.999966621398925781e-01 9.999966621398925781e-01 9.999965429306030273e-01 9.999965429306030273e-01 9.999965429306030273e-01 9.999966621398925781e-01
9.999995231628417969e-01 9.999995231628417969e-01 9.999994039535522461e-01 9.999992847442626953e-01 9.999990463256835938e-01 9.999988079071044922e-01 9.999985694885253906e-01 9.999983310699462891e-01 9.999980926513671875e-01 9.999978542327880859e-01 9.999976158142089844e-01 9.999972581863403320e-01 9.999970197677612305e-01 9.999966621398925781e-01 9.999965429306030273e-01 9.999964237213134766e-01 9.999963045120239258e-01 9.999963045120239258e-01 9.999963045120239258e-01 9.999964237213134766e-01
9.999995231628417969e-01 9.999994039535522461e-01 9.999992847442626953e-01 9.999990463256835938e-01 9.999988079071044922e-01 9.999985694885253906e-01 9.999786615371704102e-01 9.999979734420776367e-01 9.999977350234985352e-01 9.999974966049194336e-01 9.999972581863403320e-01 9.999970197677612305e-01 9.999967813491821289e-01 9.999965429306030273e-01 9.999963045120239258e-01 9.999961853027343750e-01 9.999961853027343750e-01 9.999960660934448242e-01 9.999960660934448242e-01 9.999961853027343750e-01
9.999994039535522461e-01 9.999992847442626953e-01 9.999990463256835938e-01 9.999989271163940430e-01 9.999986886978149414e-01 9.999983310699462891e-01 9.999979734420776367e-01 9.999977350234985352e-01 9.999974966049194336e-01 9.999972581863403320e-01 9.999970197677612305e-01 9.999967813491821289e-01 9.999965429306030273e-01 9.999963045120239258e-01 9.999961853027343750e-01 9.999960660934448242e-01 9.999959468841552734e-01 9.999959468841552734e-01 9.999959468841552734e-01 9.999959468841552734e-01
9.999992847442626953e-01 9.999991655349731445e-01 9.999989271163940430e-01 9.999988079071044922e-01 9.999985694885253906e-01 9.999982118606567383e-01 9.999978542327880859e-01 9.999976158142089844e-01 9.999973773956298828e-01 9.999971389770507812e-01 9.999969005584716797e-01 9.999966621398925781e-01 9.999964237213134766e-01 9.999961853027343750e-01 9.999960660934448242e-01 9.999959468841552734e-01 9.999958276748657227e-01 9.999957084655761719e-01 9.999957084655761719e-01 9.999957084655761719e-01
9.999991655349731445e-01 9.999990463256835938e-01 9.999988079071044922e-01 9.999986886978149414e-01 9.999983310699462891e-01 9.999980926513671875e-01 9.999978542327880859e-01 9.999974966049194336e-01 9.999972581863403320e-01 9.999970197677612305e-01 9.999967813491821289e-01 9.999965429306030273e-01 9.999963045120239258e-01 9.999960660934448242e-01 9.999959468841552734e-01 9.999958276748657227e-01 9.999957084655761719e-01 9.999955892562866211e-01 9.999955892562866211e-01 9.999955892562866211e-01
